AgamimPathA_100
4909, 54026, 87719555, 5264405, 2171944, 38606, 307802, 19237951, 2573309, 2765931, 510789, 61142650, 26979110, 5170946, 45548785, 13410, 4909, 

AgamimPathA_30
844, 146299, 11923669, 7816664, 5862908, 698081, 2255608, 50623179, 2609015, 464927, 1523526, 372495057, 97342465, 28272734, 216439264, 0, 844, 

AgamimPathA_50
11517, 98071, 44728472, 13634991, 6029263, 318831, 987337, 32976043, 5055703, 4809768, 2681413, 178755181, 69242966, 15414187, 124241673, 60984, 11517, 

AgamimPathA_70
14252, 85072, 83359167, 8579281, 3941767, 118189, 693556, 22763352, 3599112, 3696537, 1063138, 102543649, 41236951, 9155854, 78444478, 19053, 14252, 

/media/isl12/Alta/V7_Exp_25_1_21_annot/Agamim/Path/A/
31522, 383468, 227730863, 35295341, 18005882, 1173707, 4244303, 125600525, 13837139, 11737163, 5778866, 714936537, 234801492, 58013721, 464674200, 93447, 31522, 

AgamimPathB_100
2251, 19577, 58109469, 5592789, 2895743, 7938, 495970, 54528494, 4789002, 19754028, 125519, 77133701, 47903116, 6003976, 42022032, 6091, 2251, 

AgamimPathB_30
35584, 7087, 11980817, 28339439, 8361375, 39354, 2557680, 106071961, 5595226, 21350669, 541530, 381684608, 239831614, 23766657, 187864056, 26999, 35584, 

AgamimPathB_50
44256, 57250, 39909121, 15016238, 5212032, 45314, 1139262, 90786392, 5050356, 28568868, 613429, 193855270, 116512459, 15336481, 106653883, 16925, 44256, 

AgamimPathB_70
29950, 33403, 54123985, 8472873, 3960500, 13045, 855724, 77069004, 6357879, 27325169, 354159, 128436001, 68820080, 10670130, 72590185, 10601, 29950, 

/media/isl12/Alta/V7_Exp_25_1_21_annot/Agamim/Path/B/
112041, 117317, 164123392, 57421339, 20429650, 105651, 5048636, 328455851, 21792463, 96998734, 1634637, 781109580, 473067269, 55777244, 409130156, 60616, 112041, 

AgamimPathC_100
32870, 20922, 79242752, 4060232, 3224122, 5648, 471504, 11743862, 4211590, 30409652, 144280, 71229408, 60486798, 4966623, 29068713, 108864, 32870, 

AgamimPathC_30
32289, 6384, 10, 7338746, 6472748, 45333, 2023806, 38788103, 1412425, 155139306, 193004, 339040875, 249075386, 17470452, 81244653, 0, 32289, 

AgamimPathC_50
23218, 10408, 47225557, 7097028, 6620943, 25925, 975681, 37084775, 6897221, 73419994, 267514, 154709964, 159603279, 9519269, 55315701, 135491, 23218, 

AgamimPathC_70
11184, 60031, 72670696, 5607200, 4875845, 17725, 672953, 22110945, 5675376, 49798528, 312103, 98219043, 96174862, 4970333, 37900005, 160291, 11184, 

/media/isl12/Alta/V7_Exp_25_1_21_annot/Agamim/Path/C/
99561, 97745, 199139015, 24103206, 21193658, 94631, 4143944, 109727685, 18196612, 308767480, 916901, 663199290, 565340325, 36926677, 203529072, 404646, 99561, 

IrYamim_100
12770, 14569, 56005403, 9711021, 7913442, 79969, 1139706, 20453302, 13353009, 62767261, 974519, 41182933, 37686261, 3989491, 143520314, 433150, 12770, 

IrYamim_30
252464, 267227, 470694120, 76825658, 46418699, 1346334, 9022522, 151680623, 126352744, 513140188, 7066175, 312372433, 306360109, 32988283, 1258879427, 1090, 252464,

IrYamim_50
8146758, 51127, 192674742, 37286726, 22519023, 467770, 3970076, 79053251, 55567751, 215416378, 3951265, 160028200, 128754951, 13945925, 535308558, 72987, 8146758,

IrYamim_70
22912, 37873, 93116735, 24728678, 14273165, 229403, 2323411, 43095736, 28950491, 108047275, 1882388, 84763760, 75237863, 8252932, 292921897, 627865, 22912,

/media/isl12/Alta/V7_Exp_25_1_21_annot/Ir yamim/
8434904, 370796, 812491000, 148552083, 91124329, 2123476, 16455715, 294282912, 224223995, 899371102, 13874347, 598347326, 548039184, 59176631, 2230630196, 1135092, 8434904,

AgamimDescend_100_0002
31959, 988, 15526268, 1755721, 3673993, 10771, 1284097, 22688484, 1137287, 115416008, 0, 141426151, 109286995, 7721023, 79086655, 0, 31959, 

AgamimDescend_100_0003
19810, 197571, 87984650, 5299011, 5865818, 23390, 723168, 2146863, 3578999, 42609669, 606125, 108625071, 98543457, 3762926, 39222256, 28336, 19810, 

AgamimDescend_100_0004
30756, 73248, 93892980, 14575408, 5706638, 10224, 985084, 19503019, 9949372, 17511377, 569155, 174900143, 61856927, 6180858, 93301211, 0, 30756, 

AgamimDescend_100_0005
4291, 47423, 217375533, 7625600, 6164002, 76645, 930792, 6551312, 9946860, 24347361, 0, 112375633, 21829386, 5228942, 86521894, 20726, 4291, 

AgamimDescend_100_0006
10464, 55881, 123189539, 10159921, 8324739, 74266, 958946, 4360685, 26720504, 15014970, 138075, 146898504, 75027235, 11385969, 76049202, 677500, 10464, 

AgamimDescend_100_0031
10754, 33720, 29384840, 6058954, 6631005, 263988, 1385284, 56020815, 1727329, 61992331, 79421, 161001776, 61471376, 7315923, 105668876, 8, 10754, 

AgamimDescend_100_0037
76153, 8554, 56928596, 11567752, 6669591, 426287, 1040121, 68042600, 9151493, 5238912, 0, 141911102, 67618528, 4876108, 125119471, 371132, 76153, 

AgamimDescend_100_0038
6156, 222562, 67148986, 11294231, 6408764, 104432, 788743, 66802354, 3779059, 4232580, 201493, 123422132, 75387698, 5952528, 133294682, 0, 6156, 

AgamimDescend_100_0040
9165, 127978, 66726856, 5942268, 3739783, 78208, 1254999, 23337058, 4442433, 1753991, 1565680, 192252459, 39236709, 7493765, 150940615, 144433, 9165, 

AgamimDescend_100_0041
10286, 64446, 92972304, 5568079, 4851302, 424234, 759631, 14889459, 2848345, 3051248, 109291, 208034297, 31620655, 38286689, 95556134, 0, 10286, 

AgamimDescend_100_0042
8023, 10049, 5939983, 5571978, 2412714, 16089, 562872, 189462396, 485054, 980563, 116918, 68470051, 86236623, 1724751, 137045578, 2758, 8023, 

AgamimDescend_100_0043
8375, 94301, 76101944, 7897041, 2519640, 66815, 1166874, 20279757, 2974039, 35901786, 65004, 220439193, 48245891, 26261831, 57022764, 1145, 8375, 

/media/isl12/Alta/V7_Exp_25_1_21_annot/Agamim/Descend/
226192, 936721, 933172479, 93315964, 62967989, 1575349, 11840611, 494084802, 76740774, 328050796, 3451162, 1799756512, 776361480, 126191313, 1178829338, 1246038, 226192, 

PilotDescend
0, 0, 0, 0, 0, 0, 0, 0, 0, 0, 0, 0, 0, 0, 0, 0, 0, 

PilotPath
72669, 684430, 371753466, 10221549, 17068480, 177263, 1276132, 20670102, 1738879, 78757631, 688565, 161034578, 267264959, 34062885, 72544919, 5, 72669, 

/media/isl12/Alta/V7_Exp_25_1_21_annot/Pilot/
72669, 684430, 371753466, 10221549, 17068480, 177263, 1276132, 20670102, 1738879, 78757631, 688565, 161034578, 267264959, 34062885, 72544919, 5, 72669, 

