AgamimPathA_100
4909, 54026, 87719555, 5264405, 2171944, 38606, 307802, 19237951, 2573309, 2765931, 510789, 61142650, 26979110, 5170946, 45548785, 13410, 4909, 

AgamimPathA_30
844, 146299, 11923669, 7816664, 5862908, 698081, 2255608, 50623179, 2609015, 464927, 1523526, 372495057, 97342465, 28272734, 216439264, 0, 844, 

AgamimPathA_50
11517, 98071, 44728472, 13634991, 6029263, 318831, 987337, 32976043, 5055703, 4809768, 2681413, 178755181, 69242966, 15414187, 124241673, 60984, 11517, 

AgamimPathA_70
14252, 85072, 83359167, 8579281, 3941767, 118189, 693556, 22763352, 3599112, 3696537, 1063138, 102543649, 41236951, 9155854, 78444478, 19053, 14252, 

/media/isl12/Alta/V7_Exp_25_1_21_annot/Agamim/Path/A/
31522, 383468, 227730863, 35295341, 18005882, 1173707, 4244303, 125600525, 13837139, 11737163, 5778866, 714936537, 234801492, 58013721, 464674200, 93447, 31522, 

AgamimPathB_100
2251, 19577, 58109469, 5592789, 2895743, 7938, 495970, 54528494, 4789002, 19754028, 125519, 77133701, 47903116, 6003976, 42022032, 6091, 2251, 

AgamimPathB_30
35584, 7087, 11980817, 28339439, 8361375, 39354, 2557680, 106071961, 5595226, 21350669, 541530, 381684608, 239831614, 23766657, 187864056, 26999, 35584, 

AgamimPathB_50
44256, 57250, 39909121, 15016238, 5212032, 45314, 1139262, 90786392, 5050356, 28568868, 613429, 193855270, 116512459, 15336481, 106653883, 16925, 44256, 

AgamimPathB_70
29950, 33403, 54123985, 8472873, 3960500, 13045, 855724, 77069004, 6357879, 27325169, 354159, 128436001, 68820080, 10670130, 72590185, 10601, 29950, 

/media/isl12/Alta/V7_Exp_25_1_21_annot/Agamim/Path/B/
112041, 117317, 164123392, 57421339, 20429650, 105651, 5048636, 328455851, 21792463, 96998734, 1634637, 781109580, 473067269, 55777244, 409130156, 60616, 112041, 

AgamimPathC_100
32870, 20922, 79242752, 4060232, 3224122, 5648, 471504, 11743862, 4211590, 30409652, 144280, 71229408, 60486798, 4966623, 29068713, 108864, 32870, 

AgamimPathC_30
32289, 6384, 10, 7338746, 6472748, 45333, 2023806, 38788103, 1412425, 155139306, 193004, 339040875, 249075386, 17470452, 81244653, 0, 32289, 

AgamimPathC_50
23218, 10408, 47225557, 7097028, 6620943, 25925, 975681, 37084775, 6897221, 73419994, 267514, 154709964, 159603279, 9519269, 55315701, 135491, 23218, 

AgamimPathC_70
11184, 60031, 72670696, 5607200, 4875845, 17725, 672953, 22110945, 5675376, 49798528, 312103, 98219043, 96174862, 4970333, 37900005, 160291, 11184, 

/media/isl12/Alta/V7_Exp_25_1_21_annot/Agamim/Path/C/
99561, 97745, 199139015, 24103206, 21193658, 94631, 4143944, 109727685, 18196612, 308767480, 916901, 663199290, 565340325, 36926677, 203529072, 404646, 99561,

IrYamim_100
12770, 14569, 56005403, 9711021, 7913442, 79969, 1139706, 20453302, 13353009, 62767261, 974519, 41182933, 37686261, 3989491, 143520314, 433150, 12770,

IrYamim_30
252464, 267227, 470694120, 76825658, 46418699, 1346334, 9022522, 151680623, 126352744, 513140188, 7066175, 312372433, 306360109, 32988283, 1258879427, 1090, 252464,

IrYamim_50
8146758, 51127, 192674742, 37286726, 22519023, 467770, 3970076, 79053251, 55567751, 215416378, 3951265, 160028200, 128754951, 13945925, 535308558, 72987, 8146758,

IrYamim_70
22912, 37873, 93116735, 24728678, 14273165, 229403, 2323411, 43095736, 28950491, 108047275, 1882388, 84763760, 75237863, 8252932, 292921897, 627865, 22912,

/media/isl12/Alta/V7_Exp_25_1_21_annot/Ir yamim/
8434904, 370796, 812491000, 148552083, 91124329, 2123476, 16455715, 294282912, 224223995, 899371102, 13874347, 598347326, 548039184, 59176631, 2230630196, 1135092, 8434904,

AgamimDescend_100_0001
84330, 81953, 71746510, 15087339, 25876320, 78571, 7388252, 264418072, 703114, 312705839, 10, 940108958, 444000596, 70284745, 342667366, 25, 84330, 

AgamimDescend_100_0002
142968, 16914, 83177319, 9414773, 18165525, 48813, 6568421, 114775912, 6137048, 574174139, 1302, 710863857, 546556931, 35352941, 389835137, 0, 142968, 

AgamimDescend_100_0003
77065, 920282, 450552566, 26299858, 27770627, 100109, 3609217, 11233188, 18527796, 213085253, 3113424, 536629881, 490551677, 18998648, 194551624, 164385, 77065, 

AgamimDescend_100_0004
103507, 333967, 478766309, 70583059, 29212923, 67550, 4985190, 102344040, 50171587, 88578323, 2869700, 864358272, 314380202, 31162591, 457314777, 3, 103507, 

AgamimDescend_100_0005
38171, 245811, 1095358890, 37818058, 29577443, 369651, 4604510, 32349329, 51886182, 123243876, 3, 559183063, 112260028, 28155252, 420033524, 108209, 38171, 

AgamimDescend_100_0006
69654, 281827, 601930527, 49954403, 41489882, 375798, 4694914, 20147192, 130591318, 73499041, 654692, 749781379, 376732163, 53938287, 387715473, 3375450, 69654, 

AgamimDescend_100_0031
49961, 68741, 141880609, 29717890, 33218627, 1217881, 6881062, 273910359, 8492002, 305670978, 374785, 814145353, 302516534, 32871561, 544215649, 8, 49961, 

AgamimDescend_100_0035
185784, 59652, 147029899, 33872310, 35603006, 1339576, 7290173, 215383303, 8893893, 359997615, 117047, 794871186, 318817471, 32179912, 539591170, 3, 185784, 

AgamimDescend_100_0036
58527, 13311, 142041625, 30062108, 29045229, 238429, 7531974, 301623002, 14074265, 256534979, 219264, 766808136, 326473256, 35957155, 584550738, 2, 58527, 

AgamimDescend_100_0037
362726, 43347, 292762308, 57001115, 32462327, 1932284, 5233264, 335344538, 46199604, 27573559, 2, 719948573, 342348795, 24891696, 607125615, 2002247, 362726, 

AgamimDescend_100_0038
22860, 1036761, 343003292, 55411926, 31014901, 381844, 4086928, 334816552, 19215673, 21443711, 1030885, 624350368, 378251113, 30650719, 650514464, 3, 22860, 

AgamimDescend_100_0040
73265, 656978, 346166041, 30536476, 18647032, 380656, 5956384, 116383608, 22988756, 8938448, 8026582, 956243002, 194081877, 40287737, 745142725, 722433, 73265, 

AgamimDescend_100_0041
38780, 334073, 478785785, 28999798, 24914210, 2149333, 3818586, 74837801, 14664504, 16009802, 563282, 1034293380, 157029516, 186911373, 471881776, 1, 38780, 

AgamimDescend_100_0042
88660, 48725, 32766716, 26448586, 12316359, 54999, 2872958, 956643655, 2616718, 5091616, 605640, 349843816, 428829019, 8962880, 668027915, 13738, 88660, 

AgamimDescend_100_0043
32705, 478869, 394103959, 38346809, 12544804, 342293, 5633624, 102914637, 15298615, 172237064, 339588, 1100188611, 241139556, 130338324, 281288182, 4360, 32705, 

/media/isl12/Alta/V7_Exp_25_1_21_annot/Agamim/Descend/
1428963, 4621211, 5100072355, 539554508, 401859215, 9077787, 81155457, 3257125188, 410461075, 2558784243, 17916206, 11521617835, 4973968734, 760943821, 7284456135, 6390867, 1428963, 

PilotDescend
0, 0, 0, 0, 0, 0, 0, 0, 0, 0, 0, 0, 0, 0, 0, 0, 0, 

PilotPath
72669, 684430, 371753466, 10221549, 17068480, 177263, 1276132, 20670102, 1738879, 78757631, 688565, 161034578, 267264959, 34062885, 72544919, 5, 72669, 

/media/isl12/Alta/V7_Exp_25_1_21_annot/Pilot/
72669, 684430, 371753466, 10221549, 17068480, 177263, 1276132, 20670102, 1738879, 78757631, 688565, 161034578, 267264959, 34062885, 72544919, 5, 72669, 

