AgamimDescend_100_0001
81953, 71746510, 15087339, 25876320, 78571, 7388252, 264418072, 703114, 312705839, 10, 940108958, 444000596, 70284745, 342667366, 25, 84330, 

AgamimDescend_100_0002
16914, 83177319, 9414773, 18165525, 48813, 6568421, 114775912, 6137048, 574174139, 1302, 710863857, 546556931, 35352941, 389835137, 0, 142968, 

AgamimDescend_100_0003
920282, 450552566, 26299858, 27770627, 100109, 3609217, 11233188, 18527796, 213085253, 3113424, 536629881, 490551677, 18998648, 194551624, 164385, 77065, 

AgamimDescend_100_0004
333967, 478766309, 70583059, 29212923, 67550, 4985190, 102344040, 50171587, 88578323, 2869700, 864358272, 314380202, 31162591, 457314777, 3, 103507, 

AgamimDescend_100_0005
245811, 1095358890, 37818058, 29577443, 369651, 4604510, 32349329, 51886182, 123243876, 3, 559183063, 112260028, 28155252, 420033524, 108209, 38171, 

AgamimDescend_100_0006
281827, 601930527, 49954403, 41489882, 375798, 4694914, 20147192, 130591318, 73499041, 654692, 749781379, 376732163, 53938287, 387715473, 3375450, 69654, 

AgamimDescend_100_0031
68741, 141880609, 29717890, 33218627, 1217881, 6881062, 273910359, 8492002, 305670978, 374785, 814145353, 302516534, 32871561, 544215649, 8, 49961, 

AgamimDescend_100_0035
59652, 147029899, 33872310, 35603006, 1339576, 7290173, 215383303, 8893893, 359997615, 117047, 794871186, 318817471, 32179912, 539591170, 3, 185784, 

AgamimDescend_100_0036
13311, 142041511, 30063615, 28562855, 238429, 7531974, 301700509, 14563727, 256473704, 219287, 766805016, 326456701, 35957154, 584545015, 2, 59190, 

AgamimDescend_100_0037
43347, 292762308, 57001115, 32462327, 1932284, 5233264, 335344538, 46199604, 27573559, 2, 719949088, 342348658, 24891775, 607125158, 2002247, 362726, 

AgamimDescend_100_0038
1036761, 343003292, 55411926, 31014901, 381844, 4086928, 334816552, 19215673, 21443711, 1030885, 624350368, 378251113, 30650719, 650514464, 3, 22860, 

AgamimDescend_100_0040
629606, 346469611, 31635427, 17930958, 369573, 5969239, 122098869, 22836289, 8945474, 8187987, 955421134, 187728523, 40250522, 745778997, 708006, 271785, 

AgamimDescend_100_0041
303791, 479315133, 29233315, 24275418, 2135941, 3531765, 74765812, 14602341, 16072865, 522140, 1034899552, 156846918, 186900559, 471784633, 1, 41816, 

AgamimDescend_100_0042
48725, 32766716, 26448586, 12316359, 54999, 2872958, 956643655, 2616718, 5091616, 605640, 349843816, 428829019, 8962880, 668027915, 13738, 88660, 

AgamimDescend_100_0043
479419, 394110476, 38288401, 12540074, 342324, 5638918, 133783898, 15294910, 141223609, 339842, 1095134889, 241148427, 130340062, 281275223, 4360, 5287168, 

/media/isl12/Alta/V7_Exp_25_1_21_annot/Agamim/Descend/
4564107, 5100911676, 540830075, 400017245, 9053343, 80886785, 3293715228, 410732202, 2527779602, 18036746, 11516345812, 4967424961, 760897608, 7284976125, 6376440, 6885645, 

